-6.204709890512543069e-01 2.698827481588809279e-02 -7.837648784987885087e-01 2.506787863579385487e+02
-1.245371745681638775e-01 -9.901164987481497759e-01 6.449659725352890893e-02 1.692609584541157801e+02
-7.742778854496215057e-01 1.376261309823368362e-01 6.176996067462697804e-01 3.565293099769644414e+03
-7.443124362107758074e-01 3.259757116963126616e-02 -6.670355280311689450e-01 2.379752518251744675e+02
-1.293749785160713262e-01 -9.869248108185207924e-01 9.613289096242239040e-02 2.607718387565414560e+02
-6.551802135565035767e-01 1.578506133807142664e-01 7.387977203669392479e-01 3.662987928182883024e+03
-8.403576036942403960e-01 1.963914878070098513e-02 -5.416764733200468696e-01 4.620850650894716409e+02
-1.123483920694896138e-01 -9.839519744650542243e-01 1.386230527211169961e-01 1.744443442636087980e+02
-5.302611966877023297e-01 1.773494172008772962e-01 8.290779501987943778e-01 2.782699547575342422e+03
-9.790828063245042845e-01 1.790338456069565445e-02 -2.026729562151919073e-01 8.230837680888793102e+02
-5.169426494664805527e-02 -9.853225249366466265e-01 1.626875066626115307e-01 1.711548814534393159e+02
-1.967855719593258612e-01 1.697615700732747201e-01 9.656378451546409059e-01 2.936666728971791599e+03
