-9.327912627717309668e-01 4.040570844221678948e-02 -3.581449969244330789e-01 3.793466660106493578e+02
-5.663437569885912404e-02 -9.977835803345932453e-01 3.493528737366843190e-02 -1.440992360596764854e+02
-3.559396122742171653e-01 5.287064913506257097e-02 9.330121579454989655e-01 3.106174922850367693e+03
-8.735892743891746637e-01 3.023275189353041154e-02 -4.857239549220726538e-01 3.981990717854748709e+02
-6.511859293365704349e-02 -9.963550276021427843e-01 5.510197660950076626e-02 -8.604047663658244005e+01
-4.822876201257254580e-01 7.976615626239948187e-02 8.723737798607803517e-01 2.873595466490786293e+03
-6.867958665925285588e-01 3.520911376649944746e-02 -7.259970770872258283e-01 1.057767576325121439e+02
-8.160351733082089887e-02 -9.962463124377383128e-01 2.888167089083812020e-02 -3.555960421420475370e+01
-7.222550128525629942e-01 7.907972725032612338e-02 6.870910370157350400e-01 3.580139809252803389e+03
-6.207767801992380985e-01 3.484024605643244038e-02 -7.832128359649080940e-01 1.603797484861858607e+02
-9.634166760544507491e-02 -9.948303524098525141e-01 3.210689968045091214e-02 1.826106730509679110e+01
-7.780452893299133477e-01 9.538724851265942273e-02 6.209241504183218296e-01 3.550578710685438182e+03
