-7.041741659509916929e-01 3.554159106140158952e-02 -7.091371794737951761e-01 8.176343410819208657e+02
-8.818763801247597733e-02 -9.953908831160239723e-01 3.768196267821492806e-02 1.780792796645632237e+01
-7.045294064189272509e-01 8.907179752495163194e-02 7.040628738803582642e-01 3.508903844577219843e+03
-6.542626116922556356e-01 3.215394164611086458e-02 -7.555835883462843627e-01 -1.873845915195772349e+01
-8.712668636888917795e-02 -9.956480755252100634e-01 3.307340661804911153e-02 -2.159304880509446534e+01
-7.512319052489756510e-01 8.747018771881132082e-02 6.542167766088163861e-01 3.490681025307469099e+03
-9.676869235458034346e-01 3.470835816367437432e-02 -2.497545752774920913e-01 8.694276919290298338e+02
-4.665878010651733354e-02 -9.980238856573583339e-01 4.208659996198109432e-02 -1.017938394914809948e+02
-2.478002748937741251e-01 5.237989624818154000e-02 9.673941131884155054e-01 3.066745731678222455e+03
-9.789716713291094496e-01 4.753729597627311121e-02 -1.983801205422415781e-01 7.780289925507785256e+02
-5.656304517004467902e-02 -9.975942931519180545e-01 4.007802629641969011e-02 -1.214155023540689058e+02
-1.959976751295320341e-01 5.045623610604770687e-02 9.793054066948825298e-01 3.043680017782575305e+03
-9.426504453054921351e-01 1.399286725627412950e-02 3.334881371672843708e-01 6.109542135913883385e+02
9.742017610086559781e-03 -9.975418215902437380e-01 6.939313562091663223e-02 -1.172193932661966898e+02
3.336393727638300999e-01 6.866231749924013583e-02 9.401969235736689079e-01 2.394474108210406030e+03
-9.762397722108185905e-01 9.385743824644863023e-03 2.164897571864016768e-01 -9.365395973652465500e+01
9.755757716159210377e-03 -9.961448286463190360e-01 8.717973131743070314e-02 -1.430050103548362017e+02
2.164733987009780924e-01 8.722034266186959317e-02 9.723846355639286232e-01 2.435205807692238977e+03
