-8.756605355485006514e-01 1.458701757000483434e-01 4.603699798250859287e-01 -5.331434478515764113e+02
1.437084324826783943e-01 -8.313959034864384368e-01 5.367762458411698967e-01 9.245279878867054890e+01
4.610493606071745520e-01 5.361928230657379002e-01 7.070578078039367886e-01 4.922835885722224702e+03
-8.888926987456917672e-01 1.387431263471630705e-01 4.366006356019379031e-01 -7.633216569468437740e+01
1.349960674954787110e-01 -8.313895028572348966e-01 5.390431859318473018e-01 3.086444454166654339e+01
4.377737222325675526e-01 5.380909211557235450e-01 7.202862824547113796e-01 4.688640543054015325e+03
-9.318004603738418989e-01 1.210003686046016574e-01 3.422087270141525583e-01 1.412067495174175633e+02
9.768283219968222630e-02 -8.244204185901968795e-01 5.574845627504075862e-01 -4.926670246415746846e+01
3.495796995544005470e-01 5.528922898803300123e-01 7.563756668814372031e-01 4.378624272321439094e+03
-9.648144025971042703e-01 1.424556961220316276e-01 2.209967040106712577e-01 -5.460901853000945039e+02
-5.454096879756037408e-04 -8.415918999793433608e-01 5.401136699042445866e-01 1.172734641791498511e+01
2.629313048487477156e-01 5.209889140198151747e-01 8.120576829259049667e-01 4.899854855332958323e+03
-7.999720518699148242e-01 1.461345180257137000e-01 5.819702903657804072e-01 -6.756466615342513933e+02
2.391892939610145152e-01 -8.118375527361695321e-01 5.326427223024629010e-01 5.392269425826351608e+02
5.503028237992875216e-01 5.653003543327560498e-01 6.144935406575000592e-01 5.335013443896267745e+03
