-8.062960983277899230e-01 1.296631323095978061e-01 5.771257002950453963e-01 -7.389788816013256110e+02
2.143719072211785481e-01 -8.452946544529749140e-01 4.894094732916191570e-01 1.979761779037726797e+02
5.512996346958134453e-01 5.183284858782983839e-01 6.537616488532907999e-01 5.299374500784219890e+03
-8.221608962603721427e-01 1.346366398176024048e-01 5.531043625564411315e-01 -1.105302702510518742e+02
2.017353503554716598e-01 -8.396582729675985401e-01 5.042586965576547620e-01 2.873989879070542202e+02
5.323103503383124213e-01 5.261624842723919837e-01 6.631732285511895419e-01 5.189989029921359361e+03
-8.339298392705679630e-01 1.115149982772197235e-01 5.404862887561502349e-01 4.530780804956753514e+02
2.098646997188471364e-01 -8.417124692080694137e-01 4.974705287668538256e-01 2.691555754515103445e+02
5.104094738404479914e-01 5.282845107883503699e-01 6.785260825311217880e-01 5.003070573036862697e+03
-8.116165562326965732e-01 1.417585293383544220e-01 5.667301694888008390e-01 1.445088722759215443e+03
2.054107223746115540e-01 -8.389156312424933537e-01 5.040109113804472907e-01 1.981592564885316108e+02
5.468866434486384653e-01 5.254760537044821378e-01 6.517590936846575644e-01 4.653949538537309309e+03
-9.332103239468368949e-01 1.305306563224190031e-01 3.347838691440768177e-01 8.423238394089220265e+02
7.795792991162382723e-02 -8.359498202958691726e-01 5.432407008971239515e-01 1.199081054768456056e+02
3.507720804780993240e-01 5.330568878715878922e-01 7.699411028447071814e-01 4.584950966045559653e+03
