-8.645810989374800304e-01 1.106251761978292725e-01 4.901648638481329034e-01 -7.217435072245585843e+02
1.788195619237274159e-01 -8.438739263511501054e-01 5.058659513132900409e-01 4.489394728573975613e+02
4.695988582114160592e-01 5.250132063252247461e-01 7.098155010639326523e-01 5.588727699710503657e+03
-8.491536929668114242e-01 9.978727405075336898e-02 5.186333055814540405e-01 7.021400819908511437e+01
2.046755056189282218e-01 -8.430753689880311486e-01 4.973247023880185136e-01 4.819112531303619562e+02
4.868736418419692402e-01 5.284566416871065986e-01 6.954765522548708168e-01 5.424230800658716362e+03
-9.492414409977890655e-01 1.127835018581608423e-01 2.936333911547716058e-01 2.469432591120763121e+01
6.894187455533511144e-02 -8.362111000392217219e-01 5.440569952716268753e-01 3.553771327724378466e+02
3.069001541629415852e-01 5.366850825948162873e-01 7.859907235425601657e-01 5.133456498716200258e+03
-9.131463510008185347e-01 1.245529691733946454e-01 3.881369597500104462e-01 5.133695096672142881e+02
1.589469107138091197e-01 -7.680109336604334924e-01 6.203991339070079603e-01 5.747754949434037144e+02
3.753659830464479152e-01 6.282083759773667841e-01 6.815090719304133238e-01 4.526097415085743705e+03
-9.798351917042403825e-01 1.369027923018444337e-01 1.455356401637503683e-01 3.573096138431897657e+02
-1.346185537330617937e-02 -7.719567302542234000e-01 6.355325208556336092e-01 3.818114209805399355e+02
1.993533936200304058e-01 6.207579496673129027e-01 7.582333363661943881e-01 4.360098325426093652e+03
