-7.927669281154000602e-01 1.328200383123967210e-01 5.948776639857690229e-01 -1.909206839066253281e+02
2.844004093834746616e-01 -7.826134964132893668e-01 5.537440946631198013e-01 7.055968968330590769e+02
5.391076004184917059e-01 6.081734560587626071e-01 5.826560241828419029e-01 5.005153841644729255e+03
-8.752922336018592597e-01 1.200315143112613003e-01 4.684612485237321100e-01 -3.231125650679961581e+01
2.021156893648962671e-01 -7.892436443108885591e-01 5.798652585104755453e-01 6.173179437527169284e+02
4.393321680788025430e-01 6.022349254958676568e-01 6.665585800244160364e-01 4.901296501232717674e+03
-8.986278199862607341e-01 1.407864637665110219e-01 4.155083786963403858e-01 5.898036589987057141e+02
1.511927467229465527e-01 -7.897059908816363993e-01 5.945630339198894054e-01 4.995518422264449896e+02
4.118358829498850460e-01 5.971127360773452741e-01 6.883658808577847177e-01 4.649968756458302778e+03
-9.749906398043939326e-01 1.373266170905360073e-01 1.747416737137652554e-01 3.380498659148782963e+02
4.335435840766371784e-03 -7.743518144611116760e-01 6.327404455516137949e-01 4.825770928183400201e+02
2.222036369861872807e-01 6.176735931535793922e-01 7.543904002775065898e-01 4.506133706303337931e+03
-9.792580552149926509e-01 1.381548337856416953e-01 1.482123584530384564e-01 9.221741450285942392e+02
-1.335295892619488278e-02 -7.739035877387665519e-01 6.331626452760622525e-01 4.181656518681309080e+02
2.021765559714221727e-01 6.180505471130391948e-01 7.596960980739648761e-01 4.271176029107593422e+03
