-5.435336180485903501e-01 1.274312154298155586e-01 8.296580569036192676e-01 8.016166773163510015e+02
4.249907611778173666e-01 -8.105767749220756935e-01 4.029244902837577635e-01 7.939857981594363991e+02
7.238467095763497783e-01 5.716000151250929529e-01 3.864186379362217760e-01 4.421992006765642145e+03
-6.760524375578126355e-01 1.068163998149714022e-01 7.290702012856566938e-01 6.225290879110094693e+02
3.595804849751009780e-01 -8.158022058408246346e-01 4.529554456790599870e-01 6.752667412074355298e+02
6.431601484056759244e-01 5.683810497156048802e-01 5.131159769749684685e-01 4.294438230732195734e+03
-7.714800484023567329e-01 1.039270479443999418e-01 6.277082950086445567e-01 5.661488263687253948e+02
2.961550592409211702e-01 -8.145223596725245097e-01 4.988441705377632540e-01 6.072034253717675938e+02
5.631258436647208487e-01 5.707473121260099314e-01 5.976092284242529029e-01 4.154959211985991715e+03
-6.933911777481083227e-01 1.295736320481440940e-01 7.088154544724201145e-01 1.690154443421491351e+03
3.344218260272099896e-01 -8.134677529039959776e-01 4.758489857737955298e-01 5.489371564488316153e+02
6.382559963664404812e-01 5.669928472769083516e-01 5.207191126116906821e-01 3.797253986583989899e+03
-8.189428960797280332e-01 1.212317647000462906e-01 5.609236955132670399e-01 1.648545646453690324e+03
2.432604735010851782e-01 -8.119386208153007711e-01 5.306411386809120057e-01 5.226737177695230230e+02
5.197661733823926156e-01 5.710153546589264995e-01 6.354404690851569448e-01 3.770116280223920057e+03
