-2.130392410549040161e-01 -8.785357618822089432e-01 -4.275385326082280502e-01 -5.524373746703034840e+02
8.377720709735962945e-01 -3.894162626884485334e-01 3.827439502466009058e-01 8.709215661410038365e+02
-5.027447054593033871e-01 -2.766403612053159877e-01 8.189736697140083121e-01 5.225052211918411558e+03
-2.266191122128599078e-01 -9.468368462512640749e-01 -2.283500920972343085e-01 -2.625415248158544728e+02
8.007539557975508204e-01 -3.145881514947053148e-01 5.097326723035500162e-01 1.170892428295953096e+03
-5.544699092416369712e-01 -6.733707389027632217e-02 8.294750377349919823e-01 5.026579238274741328e+03
-2.289391543996415479e-01 -9.714495653633961059e-01 -6.223026223668123857e-02 -3.735936537088448972e+00
8.185111074117661367e-01 -2.267111296302807000e-01 5.278651634132779380e-01 1.212686020922761827e+03
-5.269026766171734932e-01 6.991284329099398120e-02 8.470453138508163837e-01 4.993970720074144992e+03
-2.174840052573470128e-01 -9.583303326699130764e-01 1.852125291172164734e-01 5.606313780658252881e+02
8.274870819078943285e-01 -8.039258977648372495e-02 5.556997037830662123e-01 1.265043120697440600e+03
-5.176541671162127045e-01 2.741167725510489372e-01 8.104900729024484551e-01 4.910821755600649340e+03
-2.210665522249702919e-01 -9.654944757888690443e-01 1.376589870242470037e-01 -3.684830130403377666e+02
8.077318297814966019e-01 -1.021583725173532131e-01 5.806315166113890092e-01 1.122989878950288585e+03
-5.465335036804244151e-01 2.395497529653977109e-01 8.024444187661956551e-01 4.962015735512882202e+03
-2.176208261660459164e-01 -9.174152348096776821e-01 3.331523119504227193e-01 -1.029474618517601812e+02
8.279052003764030276e-01 7.269750650996081864e-03 5.608209428286182741e-01 1.274126626724817470e+03
-5.169276111879840263e-01 3.978648484907613692e-01 7.579507946607801916e-01 5.047320193892443058e+03
