-2.091471354024035667e-01 -9.358496805119572715e-01 2.836244898428835204e-01 -1.347465266284306153e+02
8.022742919391036009e-01 1.621228872804192367e-03 5.969533751563447233e-01 1.339311526447447250e+03
-5.591184456325675178e-01 3.523957251480346331e-01 7.504690644195881610e-01 5.156096763015624674e+03
-2.192567579719873760e-01 -9.074987623347172683e-01 3.582910415354668143e-01 2.031426687759770573e+02
8.289609753771960410e-01 2.039226401622876161e-02 5.589345729778936178e-01 1.351358131851058715e+03
-5.145387987171630151e-01 4.195594736497421651e-01 7.478099174826783324e-01 5.030891910556326366e+03
-2.067261925432930525e-01 -8.246534116700474648e-01 5.265083398556041905e-01 1.418815681772101470e+03
8.376292026804348367e-01 1.289205624011367235e-01 5.308076934324833518e-01 1.373394260591140437e+03
-5.056101266128795180e-01 5.507506143538339893e-01 6.641025226991551511e-01 4.769691787083332201e+03
-2.266514673117110967e-01 -9.597204162972929886e-01 1.660296205729547281e-01 3.133841929280997078e+02
8.271528975072015566e-01 -9.966403039560944865e-02 5.530688611653562514e-01 1.298514717926298090e+03
-5.142442965273308353e-01 2.626857506364858041e-01 8.164245218644874402e-01 4.942567201178638243e+03
-2.213214978126471777e-01 -9.738128089438513602e-01 -5.201353422766644141e-02 1.612962564490143791e+02
8.478779111179981509e-01 -2.185019182350885769e-01 4.830734515224021641e-01 9.390258027758245589e+02
-4.817881717561633970e-01 6.281341309364490977e-02 8.740335420859892679e-01 5.093819104389303902e+03
-2.343113814701000552e-01 -9.690225767615211483e-01 -7.806037560782605467e-02 6.729749679770096691e+02
8.326930127428527895e-01 -2.414878475157057613e-01 4.983030865160904543e-01 1.405826576428533372e+03
-5.017175729858426303e-01 5.175775525168049840e-02 8.634816800190392438e-01 5.077481373390192857e+03
-2.543400123036868021e-01 -9.250729927887384463e-01 -2.820480741899278332e-01 -3.429909143558593598e+01
7.923476224413605884e-01 -3.665392972849159658e-01 4.876824671416873924e-01 1.352086893640307380e+03
-5.545235823234963002e-01 -9.944295630544475184e-02 8.262049958021009388e-01 5.172873088073335566e+03
