-2.374737775768496484e-01 -9.219553227285315344e-01 -3.059486686617707285e-01 -3.290238401949847713e+01
8.190261957538640392e-01 -3.593832086763644185e-01 4.472580910284730260e-01 1.115800610138705906e+03
-5.223047918910318499e-01 -1.443679057616676087e-01 8.404496487914406844e-01 5.210064947333398777e+03
-2.220381974090089305e-01 -9.570760401802540507e-01 -1.862914174197045358e-01 -1.366385221796509768e+02
8.018686738392510893e-01 -2.879367457752547987e-01 5.235447071145281628e-01 1.309705071623383219e+03
-5.547122396401927835e-01 -3.313432880323555207e-02 8.313822511024158146e-01 5.187285572709447479e+03
-2.171401069476453505e-01 -9.584408670475241809e-01 -1.850439902508466128e-01 -7.257724694598151700e+02
8.224425110949937778e-01 -2.817386891631444290e-01 4.941777281225798180e-01 1.088012343829611609e+03
-5.257741814681722303e-01 -4.488223926926232510e-02 8.494392825268035629e-01 5.188823294618933687e+03
-2.160237608158181166e-01 -9.746284566477856348e-01 -5.859271503647750512e-02 -6.734793014735768111e+02
8.050211750817710676e-01 -2.117463585007614280e-01 5.541699985849395382e-01 1.212599351700682064e+03
-5.525166444849920477e-01 7.254551091571873056e-02 8.303387901411223293e-01 5.197433148797910690e+03
-2.142887477421206721e-01 -9.714117042114502887e-01 1.021745247707060711e-01 -3.684069768354058283e+02
8.141565415424523167e-01 -1.198408141342015565e-01 5.681437363302396237e-01 1.259128723783712985e+03
-5.396567969133223563e-01 2.049328675167983171e-01 8.165617315038682378e-01 5.217605722465499639e+03
-2.186655857489701593e-01 -9.645662577178973907e-01 1.476390736937563120e-01 -7.557426646509894681e+02
8.130168947465034046e-01 -9.642089697449324204e-02 5.742007832486709651e-01 1.300505811091811438e+03
-5.396192087628208789e-01 2.455910118443359880e-01 8.052925955424290461e-01 5.296189193193462415e+03
-1.879908067025942431e-01 -9.294765609484073599e-01 3.173842769307096967e-01 -5.503420316892032815e+02
8.736005152207871882e-01 -1.055662534802723207e-02 4.865292359840633907e-01 9.468353255853860446e+02
-4.488670141604114150e-01 3.687300914066858892e-01 8.139757510454066480e-01 5.629160885213919755e+03
