-1.811340206189809288e-01 -9.074554649693138408e-01 3.790976729969846026e-01 -5.662498992880035757e+02
8.885597234955930901e-01 1.419740703437871732e-02 4.585412210640770203e-01 1.150025169433666179e+03
-4.214879409376230956e-01 4.199083384868966817e-01 8.037567436191972448e-01 6.341108306823899511e+03
-1.759052029060055589e-01 -8.946094793819755475e-01 4.107690823206001096e-01 1.297996426537559103e+02
8.999518386716093277e-01 2.295561565419057537e-02 4.353845745792183086e-01 1.063265775513097651e+03
-3.989286247716335443e-01 4.462588028373760674e-01 8.010674336333774015e-01 6.253796263280221865e+03
-1.959903283593303069e-01 -9.086621504636929192e-01 3.686745007514063976e-01 6.077500367204021359e+02
8.756551887999604045e-01 7.051651270455927545e-03 4.828853534143126014e-01 1.198929439591208165e+03
-4.413794076724780746e-01 4.174725985367863101e-01 7.942926714716910253e-01 5.823883357600804629e+03
-1.882874523373147813e-01 -9.635963173841640694e-01 1.898156274283041567e-01 2.774036994115566586e+02
8.680603129758049930e-01 -7.288348717657813780e-02 4.910797189187606770e-01 1.080981353059868070e+03
-4.593681838445832222e-01 2.572355621228505917e-01 8.501827669687678224e-01 5.661903751436589118e+03
-2.048265627154729207e-01 -9.647746793759539585e-01 1.650936014544162056e-01 8.120815143709415906e+02
8.654265689060693933e-01 -9.971149569688271541e-02 4.910137181967104691e-01 1.166288131237991365e+03
-4.572558726114215322e-01 2.434490411994174597e-01 8.553652034665959469e-01 5.519864489801018863e+03
-1.770116024355671003e-01 -9.829027041388254116e-01 5.068694900837272810e-02 6.353083551412153156e+02
8.653984521287447773e-01 -1.309073365666396649e-01 4.836825284070132014e-01 1.085558387320872725e+03
-4.687775716225824341e-01 1.294818266383864769e-01 8.737745961711300691e-01 5.451339363990723541e+03
-2.410557162704222989e-01 -9.437721173877976488e-01 -2.262439658746870641e-01 1.933159564647908439e+02
8.402495076458454948e-01 -3.196093115966647247e-01 4.379847632528102164e-01 1.106771776645357704e+03
-4.856674855848059913e-01 -8.452265011261184124e-02 8.700477084986046883e-01 5.448219322486347664e+03
